50
0 5 16 8 44 32 18 37 11 14 48 -999
1 21 27 12 35 45 26 13 20 10 41 36 9 7 34 0 -999
2 38 1 24 17 42 29 31 15 39 30 6 28 46 40 43 19 22 3 25 49 -999
3 23 33 2 47 4 -999
4 15 46 29 14 10 2 12 39 19 30 -999
5 31 1 0 48 35 38 37 20 3 -999
6 -999
7 33 0 38 49 12 4 6 -999
8 45 27 9 47 26 41 13 28 49 24 40 21 17 4 42 16 25 7 32 -999
9 39 29 40 28 5 18 6 33 11 -999
10 12 0 2 32 14 -999
11 2 15 6 41 39 29 21 40 43 -999
12 13 -999
13 6 34 7 5 2 35 14 17 42 19 23 25 9 10 11 -999
14 37 28 39 -999
15 35 26 22 9 17 -999
16 16 3 21 48 1 6 15 34 27 -999
17 33 25 31 9 46 26 42 43 45 -999
18 45 41 28 44 15 30 14 -999
19 -999
20 48 47 4 35 17 16 19 42 39 -999
21 8 24 38 41 28 29 22 18 47 -999
22 47 33 21 46 18 11 3 -999
23 16 3 21 48 -999
24 18 8 11 29 28 38 35 -999
25 -999
26 32 9 46 43 -999
27 15 32 12 29 37 3 38 48 33 -999
28 12 38 3 27 -999
29 21 6 37 13 32 11 -999
30 49 -999
31 36 30 28 45 41 18 40 49 44 47 43 1 8 0 26 21 24 22 46 -999
32 43 6 49 47 13 24 20 -999
33 43 34 23 36 44 18 6 22 11 -999
34 17 35 16 1 24 10 7 -999
35 39 12 20 1 -999
36 25 -999
37 21 27 29 14 25 42 23 10 19 -999
38 -999
39 -999
40 11 16 0 -999
41 -999
42 23 7 27 31 16 48 5 37 19 40 11 15 10 30  0 25 36 45 -999
43 23 7 38 29 40 -999
44 28 34 3 45 2 36 30 20 43 -999
45 19 48 30 22 42 4 23 0 13 8 44 49 33 32 18 31 26 20 -999
46 12 37 38 34 47 -999
47 7 40 44 22 49 39 13 41 5 -999
48 5 8 40 31 13 24 32 47 16 -999
49 -999